0 46.000000 10334.000000
1 33.000000 11910.000000
2 39.000000 14564.000000
3 38.000000 14578.000000
4 50.000000 14373.000000
5 30.000000 12625.000000
6 37.000000 10270.000000
7 32.000000 13694.000000
8 35.000000 12537.000000
9 42.000000 10723.000000
10 38.000000 10793.000000
11 49.000000 12485.000000
12 43.000000 10075.000000
13 45.000000 13689.000000
14 38.000000 11705.000000
15 47.000000 14420.000000
16 39.000000 14455.000000
17 41.000000 12755.000000
18 36.000000 11631.000000
19 43.000000 13383.000000
20 30.000000 11091.000000
21 44.000000 13378.000000
22 48.000000 10401.000000
23 39.000000 10437.000000
24 38.000000 14777.000000
25 47.000000 10170.000000
26 39.000000 11374.000000
27 33.000000 12799.000000
28 50.000000 12592.000000
29 42.000000 10801.000000
30 43.000000 11050.000000
31 38.000000 13814.000000
32 35.000000 14016.000000
33 36.000000 13248.000000
34 46.000000 12169.000000
35 31.000000 10669.000000
36 47.000000 11929.000000
37 40.000000 14244.000000
38 46.000000 13249.000000
39 34.000000 14706.000000
40 40.000000 13009.000000
41 41.000000 14648.000000
42 40.000000 14079.000000
43 36.000000 12748.000000
44 32.000000 11290.000000
45 33.000000 13558.000000
46 36.000000 14607.000000
47 47.000000 14336.000000
48 37.000000 13067.000000
49 32.000000 12425.000000
50 31.000000 13834.000000
51 32.000000 14279.000000
52 42.000000 13081.000000
53 36.000000 11868.000000
54 35.000000 14401.000000
55 44.000000 10883.000000
56 50.000000 11635.000000
57 48.000000 13298.000000
58 30.000000 11258.000000
59 34.000000 10384.000000
60 42.000000 14674.000000
61 43.000000 12861.000000
62 42.000000 12350.000000
63 48.000000 12497.000000
64 34.000000 13546.000000
65 38.000000 11955.000000
66 38.000000 12427.000000
67 50.000000 14255.000000
68 50.000000 10957.000000
69 41.000000 12152.000000
70 40.000000 13392.000000
71 46.000000 11832.000000
72 39.000000 12300.000000
73 42.000000 14381.000000
74 33.000000 13837.000000
75 42.000000 11214.000000
76 40.000000 14281.000000
77 46.000000 12457.000000
78 39.000000 12689.000000
79 41.000000 13393.000000
80 40.000000 10463.000000
81 45.000000 14970.000000
82 47.000000 12266.000000
83 47.000000 11828.000000
84 46.000000 13832.000000
85 40.000000 11042.000000
86 43.000000 11350.000000
87 38.000000 12411.000000
88 45.000000 13599.000000
89 50.000000 14936.000000
90 38.000000 11351.000000
91 48.000000 11846.000000
92 41.000000 12484.000000
93 46.000000 12336.000000
94 49.000000 13079.000000
95 35.000000 13758.000000
96 30.000000 13073.000000
97 41.000000 14225.000000
98 39.000000 14502.000000
99 44.000000 14066.000000
100 32.000000 13240.000000
101 35.000000 12903.000000
102 36.000000 14671.000000
103 37.000000 14352.000000
104 44.000000 11901.000000
105 44.000000 11897.000000
106 38.000000 11030.000000
107 42.000000 10513.000000
108 33.000000 11163.000000
109 47.000000 10345.000000
110 38.000000 13390.000000
111 32.000000 12782.000000
112 40.000000 11335.000000
113 34.000000 10532.000000
114 43.000000 10242.000000
115 45.000000 12092.000000
116 40.000000 11632.000000
117 32.000000 13543.000000
118 44.000000 12868.000000
119 45.000000 11357.000000
120 35.000000 11935.000000
121 43.000000 10979.000000
122 32.000000 10687.000000
123 33.000000 12549.000000
124 37.000000 10159.000000
125 34.000000 11502.000000
126 36.000000 10607.000000
127 47.000000 12089.000000
128 40.000000 13319.000000
129 37.000000 14935.000000
130 50.000000 12706.000000
131 49.000000 14835.000000
132 50.000000 11795.000000
133 33.000000 12179.000000
134 49.000000 10500.000000
135 39.000000 11101.000000
136 43.000000 14802.000000
137 45.000000 14390.000000
138 45.000000 13911.000000
139 32.000000 13161.000000
140 40.000000 12239.000000
141 38.000000 10548.000000
142 47.000000 13438.000000
143 31.000000 13573.000000
144 42.000000 12395.000000
145 44.000000 13130.000000
146 34.000000 10137.000000
147 38.000000 12350.000000
148 49.000000 10414.000000
149 44.000000 10722.000000
150 42.000000 12697.000000
151 43.000000 11685.000000
152 40.000000 10009.000000
153 33.000000 11153.000000
154 50.000000 13269.000000
155 50.000000 13698.000000
156 46.000000 11989.000000
157 47.000000 11546.000000
158 31.000000 13251.000000
159 39.000000 11687.000000
160 34.000000 13902.000000
161 44.000000 11214.000000
162 36.000000 14899.000000
163 42.000000 11720.000000
164 40.000000 10120.000000
165 41.000000 13380.000000
166 43.000000 13703.000000
167 50.000000 11727.000000
168 48.000000 10134.000000
169 46.000000 12996.000000
170 37.000000 14601.000000
171 31.000000 10544.000000
172 32.000000 14261.000000
173 34.000000 10957.000000
174 42.000000 10647.000000
175 35.000000 14506.000000
176 30.000000 14831.000000
177 45.000000 13206.000000
178 39.000000 11923.000000
179 45.000000 11278.000000
180 48.000000 13142.000000
181 44.000000 14912.000000
182 46.000000 12005.000000
183 40.000000 11405.000000
184 48.000000 12496.000000
185 34.000000 10976.000000
186 30.000000 12245.000000
187 44.000000 11630.000000
188 37.000000 13266.000000
189 44.000000 14975.000000
190 34.000000 13733.000000
191 39.000000 12419.000000
192 48.000000 13345.000000
193 39.000000 12229.000000
194 50.000000 13670.000000
195 46.000000 12665.000000
196 42.000000 14726.000000
197 39.000000 10439.000000
198 31.000000 11810.000000
199 39.000000 10257.000000
200 42.000000 10198.000000
201 49.000000 10597.000000
202 43.000000 12876.000000
203 31.000000 12289.000000
204 31.000000 10805.000000
205 46.000000 11290.000000
206 31.000000 10486.000000
207 35.000000 13122.000000
208 34.000000 12404.000000
209 36.000000 10364.000000
210 39.000000 10423.000000
211 48.000000 11639.000000
212 41.000000 10875.000000
213 39.000000 11356.000000
214 36.000000 11106.000000
215 36.000000 10596.000000
216 46.000000 12452.000000
217 36.000000 10924.000000
218 50.000000 13154.000000
219 47.000000 10963.000000
220 32.000000 11862.000000
221 38.000000 13217.000000
222 37.000000 11777.000000
223 39.000000 12984.000000
224 35.000000 14846.000000
225 31.000000 12554.000000
226 41.000000 13392.000000
227 30.000000 11881.000000
228 46.000000 14339.000000
229 38.000000 11019.000000
230 49.000000 11658.000000
231 42.000000 12024.000000
232 40.000000 14040.000000
233 47.000000 14840.000000
234 37.000000 10604.000000
235 39.000000 12642.000000
236 42.000000 11659.000000
237 36.000000 11040.000000
238 46.000000 13581.000000
239 42.000000 12515.000000
240 50.000000 13937.000000
241 34.000000 11389.000000
242 46.000000 10986.000000
243 36.000000 10650.000000
244 50.000000 13738.000000
245 49.000000 10399.000000
246 36.000000 10705.000000
247 45.000000 10187.000000
248 34.000000 14588.000000
249 37.000000 11190.000000
250 49.000000 12702.000000
251 42.000000 13467.000000
252 50.000000 14960.000000
253 30.000000 14181.000000
254 35.000000 13998.000000
255 50.000000 12008.000000
256 38.000000 10959.000000
257 46.000000 14784.000000
258 43.000000 10142.000000
259 32.000000 10163.000000
260 31.000000 13527.000000
261 47.000000 14164.000000
262 30.000000 13429.000000
263 38.000000 12443.000000
264 41.000000 10135.000000
265 36.000000 11092.000000
266 43.000000 10234.000000
267 37.000000 11588.000000
268 45.000000 14128.000000
269 30.000000 11310.000000
270 44.000000 11480.000000
271 30.000000 14471.000000
272 32.000000 11227.000000
273 36.000000 11817.000000
274 48.000000 13936.000000
275 46.000000 10736.000000
276 38.000000 10153.000000
277 50.000000 10590.000000
278 49.000000 10522.000000
279 47.000000 14683.000000
280 47.000000 12600.000000
281 35.000000 12825.000000
282 47.000000 10252.000000
283 33.000000 10596.000000
284 40.000000 12819.000000
285 37.000000 11149.000000
286 39.000000 13221.000000
287 44.000000 11156.000000
288 40.000000 11132.000000
289 42.000000 12060.000000
290 37.000000 12344.000000
291 33.000000 13804.000000
292 41.000000 14390.000000
293 46.000000 13935.000000
294 36.000000 14527.000000
295 47.000000 12195.000000
296 48.000000 13311.000000
297 44.000000 13887.000000
298 45.000000 14918.000000
299 40.000000 10278.000000
300 41.000000 11299.000000
301 37.000000 14257.000000
302 47.000000 12131.000000
303 32.000000 11412.000000
304 41.000000 14419.000000
305 43.000000 13955.000000
306 40.000000 14229.000000
307 38.000000 11185.000000
308 45.000000 13849.000000
309 35.000000 10826.000000
310 30.000000 10663.000000
311 46.000000 14439.000000
312 39.000000 12154.000000
313 49.000000 14808.000000
314 35.000000 11821.000000
315 50.000000 14711.000000
316 34.000000 11589.000000
317 49.000000 11869.000000
318 38.000000 13456.000000
319 37.000000 10194.000000
320 41.000000 14473.000000
321 48.000000 11183.000000
322 34.000000 13067.000000
323 35.000000 10978.000000
324 48.000000 13291.000000
325 31.000000 13120.000000
326 35.000000 10250.000000
327 42.000000 13721.000000
328 47.000000 12008.000000
329 31.000000 12887.000000
330 44.000000 12808.000000
331 47.000000 10971.000000
332 40.000000 14453.000000
333 42.000000 11424.000000
334 43.000000 14809.000000
335 49.000000 11992.000000
336 40.000000 10508.000000
337 31.000000 12791.000000
338 48.000000 12151.000000
339 50.000000 14200.000000
340 47.000000 12583.000000
341 48.000000 12865.000000
342 43.000000 12703.000000
343 38.000000 14270.000000
344 39.000000 10154.000000
345 46.000000 12002.000000
346 42.000000 11537.000000
347 45.000000 13472.000000
348 38.000000 11513.000000
349 42.000000 12740.000000
350 50.000000 13902.000000
351 50.000000 10084.000000
352 38.000000 13917.000000
353 41.000000 12158.000000
354 47.000000 11842.000000
355 31.000000 12564.000000
356 35.000000 12513.000000
357 39.000000 13257.000000
358 35.000000 14665.000000
359 48.000000 10133.000000
360 37.000000 14829.000000
361 47.000000 10008.000000
362 33.000000 13206.000000
363 44.000000 12764.000000
364 39.000000 13785.000000
365 32.000000 10348.000000
366 44.000000 12157.000000
367 36.000000 11274.000000
368 41.000000 10982.000000
369 46.000000 12101.000000
370 40.000000 13779.000000
371 40.000000 12985.000000
372 31.000000 10254.000000
373 46.000000 13121.000000
374 48.000000 11415.000000
375 43.000000 10989.000000
376 36.000000 13385.000000
377 45.000000 12097.000000
378 37.000000 12422.000000
379 35.000000 12808.000000
380 42.000000 14610.000000
381 42.000000 11312.000000
382 49.000000 11753.000000
383 44.000000 10493.000000
384 32.000000 11046.000000
385 44.000000 10421.000000
386 49.000000 13441.000000
387 40.000000 11705.000000
388 49.000000 12093.000000
389 45.000000 12861.000000
390 48.000000 10054.000000
391 33.000000 10073.000000
392 38.000000 12959.000000
393 30.000000 11155.000000
394 34.000000 10731.000000
395 48.000000 14578.000000
396 30.000000 14969.000000
397 49.000000 14459.000000
398 47.000000 10941.000000
399 49.000000 12373.000000
400 50.000000 13088.000000
401 49.000000 13089.000000
402 41.000000 12797.000000
403 35.000000 10720.000000
404 33.000000 13968.000000
405 32.000000 11824.000000
406 50.000000 10553.000000
407 46.000000 11949.000000
408 38.000000 13266.000000
409 38.000000 14263.000000
410 41.000000 13689.000000
411 45.000000 10195.000000
412 38.000000 12399.000000
413 43.000000 14513.000000
414 46.000000 14239.000000
415 44.000000 12207.000000
416 40.000000 11375.000000
417 41.000000 10303.000000
418 35.000000 14369.000000
419 31.000000 11416.000000
420 44.000000 13934.000000
421 45.000000 10530.000000
422 43.000000 11483.000000
423 30.000000 10234.000000
424 32.000000 13983.000000
425 39.000000 14289.000000
426 34.000000 13858.000000
427 43.000000 11064.000000
428 42.000000 10366.000000
429 40.000000 12494.000000
430 45.000000 11099.000000
431 35.000000 10772.000000
432 40.000000 11102.000000
433 31.000000 11522.000000
434 35.000000 10133.000000
435 49.000000 12697.000000
436 45.000000 10789.000000
437 48.000000 14351.000000
438 49.000000 13530.000000
439 39.000000 10252.000000
440 34.000000 14580.000000
441 32.000000 11055.000000
442 34.000000 13138.000000
443 40.000000 12134.000000
444 34.000000 12533.000000
445 36.000000 10463.000000
446 37.000000 14069.000000
447 30.000000 11121.000000
448 38.000000 13055.000000
449 46.000000 10427.000000
450 47.000000 11890.000000
451 43.000000 10718.000000
452 41.000000 10607.000000
453 47.000000 13086.000000
454 31.000000 14942.000000
455 31.000000 10051.000000
456 31.000000 13429.000000
457 39.000000 10460.000000
458 38.000000 10045.000000
459 37.000000 13689.000000
460 40.000000 10720.000000
461 39.000000 13439.000000
462 42.000000 10777.000000
463 31.000000 14324.000000
464 36.000000 11319.000000
465 49.000000 13955.000000
466 46.000000 13683.000000
467 43.000000 10891.000000
468 50.000000 12389.000000
469 42.000000 13754.000000
470 36.000000 10533.000000
471 38.000000 10877.000000
472 48.000000 12508.000000
473 33.000000 12885.000000
474 47.000000 13998.000000
475 34.000000 13040.000000
476 49.000000 10820.000000
477 34.000000 12408.000000
478 45.000000 13632.000000
479 35.000000 11790.000000
480 48.000000 11372.000000
481 41.000000 13300.000000
482 47.000000 14653.000000
483 46.000000 12941.000000
484 47.000000 14458.000000
485 40.000000 12949.000000
486 33.000000 12898.000000
487 32.000000 11896.000000
488 43.000000 14830.000000
489 43.000000 10734.000000
490 36.000000 13385.000000
491 39.000000 11683.000000
492 46.000000 12960.000000
493 50.000000 11184.000000
494 38.000000 12568.000000
495 40.000000 12559.000000
496 39.000000 14253.000000
497 39.000000 14190.000000
498 35.000000 11458.000000
499 30.000000 13511.000000